function data()
return {
	times = { 0, 41.667, 83.333, 125, 166.667, 208.333, 250, 291.667, 333.333, 375, 416.667, 458.333, 500, 541.667, 583.333, 625, 666.667, 708.333, 750, 791.667, 833.333, 875, 916.667, 958.333, 1000, 1041.667, 1083.333, 1125, 1166.667, 1208.333, 1250, 1291.667, 1333.333, 1375, 1416.667, 1458.333, 1500, 1541.667, 1583.333, 1625, 1666.667, 1708.333, 1750, 1791.667, 1833.333, 1875, 1916.667, 1958.333, 2000, 2041.667, 2083.333, 2125, 2166.667, 2208.333, 2250, 2291.667, 2333.333, 2375, 2416.667, 2458.333, 2500, 2541.667, 2583.333, 2625, 2666.667, 2708.333, 2750, 2791.667, 2833.333, 2875, 2916.667, 2958.333, 3000, 3041.667, 3083.333, 3125, 3166.667, 3208.333, 3250, 3291.667, 3333.333, 3375, 3416.667, 3458.333, 3500, 3541.667, 3583.333, 3625, 3666.667, 3708.333, 3750, 3791.667, 3833.333, 3875, 3916.667, 3958.333, 4000, 4041.667, 4125, 4166.667, },
	transfs = {
		{ 1, 0, 0, 0, 0, 1, 0, 0, 0, 0, 1, 0, 0, 0, 0, 1, },
		{ 1, 8.2718051394541e-25, 1.1118603651994e-05, 0, -5.2045883158769e-09, 0.99999988079071, 0.00046809727791697, 0, -1.1118602742499e-05, -0.00046809727791697, 0.99999988079071, 0, 0, 0, 0, 1, },
		{ 1, 1.3234866135021e-23, 4.4175936636748e-05, 0, -8.2159381520341e-08, 0.99999821186066, 0.0018598220776767, 0, -4.4175860239193e-05, -0.0018598220776767, 0.99999821186066, 0, 0, 0, 0, 1, },
		{ 1, 0, 9.8724260169547e-05, 0, -4.1032919284589e-07, 0.99999129772186, 0.0041563152335584, 0, -9.8723408882506e-05, -0.0041563152335584, 0.99999129772186, 0, 0, 0, 0, 1, },
		{ 1, 0, 0.00017431585001759, 0, -1.2792507959603e-06, 0.99997305870056, 0.0073386947624385, 0, -0.00017431116430089, -0.0073386947624385, 0.99997305870056, 0, 0, 0, 0, 1, },
		{ 0.99999988079071, 0, 0.00027050304925069, 0, -3.0804958441877e-06, 0.99993515014648, 0.011388027109206, 0, -0.00027048549964093, -0.011388028040528, 0.99993509054184, 0, 0, 0, 0, 1, },
		{ 0.99999988079071, -8.8282789579283e-22, 0.00038683792809024, 0, -6.2997714849189e-06, 0.99986737966537, 0.016285298392177, 0, -0.00038678658893332, -0.016285300254822, 0.99986726045609, 0, 0, 0, 0, 1, },
		{ 0.99999988079071, 0, 0.00052287301514298, 0, -1.1509153409861e-05, 0.99975764751434, 0.022011369466782, 0, -0.00052274635527283, -0.022011373192072, 0.99975752830505, 0, 0, 0, 0, 1, },
		{ 0.99999970197678, 3.3867508659145e-21, 0.00067816028604284, 0, -1.9359384168638e-05, 0.99959242343903, 0.028546910732985, 0, -0.0006778837996535, -0.02854691632092, 0.99959224462509, 0, 0, 0, 0, 1, },
		{ 0.99999958276749, 0, 0.00085225218208507, 0, -3.0572362447856e-05, 0.99935632944107, 0.035872422158718, 0, -0.00085170369129628, -0.035872433334589, 0.9993559718132, 0, 0, 0, 0, 1, },
		{ 0.99999940395355, 0, 0.0010447008535266, 0, -4.5933542423882e-05, 0.99903291463852, 0.043968096375465, 0, -0.0010436907177791, -0.043968122452497, 0.99903231859207, 0, 0, 0, 0, 1, },
		{ 0.99999922513962, 1.1452183102652e-20, 0.0012550587998703, 0, -6.6284519562032e-05, 0.99860429763794, 0.052813831716776, 0, -0.0012533072149381, -0.052813872694969, 0.9986035823822, 0, 0, 0, 0, 1, },
		{ 0.99999886751175, 2.3717726315585e-24, 0.0014828779967502, 0, -9.2515540018212e-05, 0.99805182218552, 0.062389113008976, 0, -0.0014799890341237, -0.062389176338911, 0.99805080890656, 0, 0, 0, 0, 1, },
		{ 0.99999850988388, 0, 0.0017277108272538, 0, -0.00012555823195726, 0.99735575914383, 0.072673067450523, 0, -0.0017231424571946, -0.072673171758652, 0.99735426902771, 0, 0, 0, 0, 1, },
		{ 0.99999803304672, -3.6275000868316e-20, 0.0019891099072993, 0, -0.00016637799853925, 0.99649560451508, 0.083644293248653, 0, -0.0019821391906589, -0.083644457161427, 0.9964936375618, 0, 0, 0, 0, 1, },
		{ 0.99999737739563, 0, 0.0022666261065751, 0, -0.00021596666192636, 0.99545037746429, 0.09528087079525, 0, -0.0022563140373677, -0.095281109213829, 0.99544787406921, 0, 0, 0, 0, 1, },
		{ 0.99999672174454, 5.3895608739269e-20, 0.0025598127394915, 0, -0.00027533527463675, 0.99419850111008, 0.10756035149097, 0, -0.0025449623353779, -0.10756070166826, 0.99419522285461, 0, 0, 0, 0, 1, },
		{ 0.99999588727951, 1.5741092566364e-21, 0.0028682223055512, 0, -0.00034550638520159, 0.99271816015244, 0.12045962363482, 0, -0.0028473362326622, -0.12046012282372, 0.99271404743195, 0, 0, 0, 0, 1, },
		{ 0.99999493360519, 0, 0.0031914075370878, 0, -0.00042750738793984, 0.9909873008728, 0.13395507633686, 0, -0.0031626441050321, -0.13395576179028, 0.990982234478, 0, 0, 0, 0, 1, },
		{ 0.9999937415123, 0, 0.0035289190709591, 0, -0.00052236160263419, 0.98898392915726, 0.14802218973637, 0, -0.0034900440368801, -0.1480230987072, 0.98897767066956, 0, 0, 0, 0, 1, },
		{ 0.99999243021011, -7.0532624544888e-20, 0.0038803084753454, 0, -0.00063108233734965, 0.98668587207794, 0.16263592243195, 0, -0.0038286459166557, -0.16263715922832, 0.98667854070663, 0, 0, 0, 0, 1, },
		{ 0.99999094009399, 1.0669326446234e-19, 0.0042451303452253, 0, -0.00075466593261808, 0.98407167196274, 0.17777055501938, 0, -0.004177512601018, -0.17777214944363, 0.98406279087067, 0, 0, 0, 0, 1, },
		{ 0.99998927116394, 1.0637320372642e-19, 0.0046229353174567, 0, -0.00089408259373158, 0.98111963272095, 0.19339942932129, 0, -0.0045356526970863, -0.1934015005827, 0.98110920190811, 0, 0, 0, 0, 1, },
		{ 0.99998742341995, 0, 0.0050132758915424, 0, -0.001050271675922, 0.97780907154083, 0.20949545502663, 0, -0.0049020266160369, -0.209498077631, 0.97779679298401, 0, 0, 0, 0, 1, },
		{ 0.99998533725739, 0, 0.0054157045669854, 0, -0.0012241328367963, 0.9741193652153, 0.22603058815002, 0, -0.0052755433134735, -0.22603389620781, 0.9741051197052, 0, 0, 0, 0, 1, },
		{ 0.99998301267624, 0, 0.005829771514982, 0, -0.0014165188185871, 0.97003120183945, 0.24297602474689, 0, -0.0056550609879196, -0.24298015236855, 0.97001475095749, 0, 0, 0, 0, 1, },
		{ 0.99998044967651, 2.09365009431e-19, 0.0062550315633416, 0, -0.0016282328870147, 0.96552568674088, 0.2603026330471, 0, -0.0060393940657377, -0.26030772924423, 0.96550679206848, 0, 0, 0, 0, 1, },
		{ 0.99997752904892, 2.4111474750611e-19, 0.0066910376772285, 0, -0.0018600174225867, 0.9605849981308, 0.27798014879227, 0, -0.0064273104071617, -0.27798637747765, 0.96056348085403, 0, 0, 0, 0, 1, },
		{ 0.99997454881668, 0, 0.0071373353712261, 0, -0.0021125474013388, 0.95519244670868, 0.29597789049149, 0, -0.0068175294436514, -0.29598543047905, 0.95516806840897, 0, 0, 0, 0, 1, },
		{ 0.99997109174728, -2.7258904736194e-19, 0.007593484595418, 0, -0.0023864333052188, 0.94933241605759, 0.31426468491554, 0, -0.0072087408043444, -0.31427377462387, 0.94930499792099, 0, 0, 0, 0, 1, },
		{ 0.99996745586395, -1.2028207770544e-19, 0.0080590350553393, 0, -0.0026822041254491, 0.94299054145813, 0.33280864357948, 0, -0.0075995945371687, -0.33281949162483, 0.94295990467072, 0, 0, 0, 0, 1, },
		{ 0.99996358156204, -2.0391987332902e-19, 0.0085335355252028, 0, -0.0030003082938492, 0.93615388870239, 0.35157749056816, 0, -0.007988702505827, -0.35159027576447, 0.93611991405487, 0, 0, 0, 0, 1, },
		{ 0.99995934963226, 1.0456155410784e-18, 0.0090165426954627, 0, -0.0033411113545299, 0.92881107330322, 0.37053847312927, 0, -0.0083746649324894, -0.3705535531044, 0.92877334356308, 0, 0, 0, 0, 1, },
		{ 0.99995481967926, 3.9939927323574e-19, 0.0095076076686382, 0, -0.0037048866506666, 0.92095202207565, 0.38965839147568, 0, -0.0087560508400202, -0.38967600464821, 0.92091029882431, 0, 0, 0, 0, 1, },
		{ 0.99994987249374, -7.9152685340531e-19, 0.010006277821958, 0, -0.0040918099693954, 0.91256833076477, 0.40890377759933, 0, -0.0091314120218158, -0.40892428159714, 0.91252261400223, 0, 0, 0, 0, 1, },
		{ 0.99994474649429, -7.8379416224401e-19, 0.010512108914554, 0, -0.0045019681565464, 0.90365314483643, 0.42824125289917, 0, -0.0094993012025952, -0.42826491594315, 0.90360325574875, 0, 0, 0, 0, 1, },
		{ 0.99993914365768, -7.755963887833e-19, 0.011024655774236, 0, -0.0049353442154825, 0.89420175552368, 0.44763699173927, 0, -0.0098582673817873, -0.44766417145729, 0.894147336483, 0, 0, 0, 0, 1, },
		{ 0.9999333024025, 0, 0.011543465778232, 0, -0.0053918175399303, 0.88421070575714, 0.46705710887909, 0, -0.01020685583353, -0.46708825230598, 0.88415175676346, 0, 0, 0, 0, 1, },
		{ 0.99992716312408, 1.6017447833294e-18, 0.012068092823029, 0, -0.0058711725287139, 0.87367844581604, 0.48646834492683, 0, -0.010543633252382, -0.48650372028351, 0.87361484766006, 0, 0, 0, 0, 1, },
		{ 0.99992060661316, -8.7755642884539e-19, 0.012598090805113, 0, -0.0063730818219483, 0.86260569095612, 0.50583672523499, 0, -0.010867184959352, -0.50587683916092, 0.86253720521927, 0, 0, 0, 0, 1, },
		{ 0.99991375207901, -7.3812009225219e-19, 0.013133006170392, 0, -0.0068971202708781, 0.85099452733994, 0.52512925863266, 0, -0.011176116764545, -0.52517455816269, 0.85092115402222, 0, 0, 0, 0, 1, },
		{ 0.99990648031235, 7.2758563695859e-19, 0.013672395609319, 0, -0.0074427602812648, 0.83884912729263, 0.54431313276291, 0, -0.011469076387584, -0.5443639755249, 0.83877062797546, 0, 0, 0, 0, 1, },
		{ 0.99989891052246, -9.7736569591726e-19, 0.014215812087059, 0, -0.008009372279048, 0.82617539167404, 0.56335604190826, 0, -0.011744754388928, -0.56341296434402, 0.82609194517136, 0, 0, 0, 0, 1, },
		{ 0.99989104270935, 1.4102980698547e-18, 0.01476280298084, 0, -0.0085962265729904, 0.8129814863205, 0.58222609758377, 0, -0.012001886032522, -0.58228957653046, 0.81289279460907, 0, 0, 0, 0, 1, },
		{ 0.99988269805908, -1.3865246922548e-18, 0.015312924981117, 0, -0.0092024961486459, 0.79927706718445, 0.60089218616486, 0, -0.012239270843565, -0.60096263885498, 0.79918336868286, 0, 0, 0, 0, 1, },
		{ 0.99987405538559, 0, 0.015865733847022, 0, -0.0098272711038589, 0.78507375717163, 0.6193243265152, 0, -0.012455769814551, -0.61940228939056, 0.78497493267059, 0, 0, 0, 0, 1, },
		{ 0.99986511468887, 1.3364049917596e-18, 0.016420770436525, 0, -0.010469536297023, 0.77038502693176, 0.6374928355217, 0, -0.012650315649807, -0.63757884502411, 0.77028113603592, 0, 0, 0, 0, 1, },
		{ 0.99985581636429, 2.4471578007516e-18, 0.016977591440082, 0, -0.011128204874694, 0.75522607564926, 0.65536975860596, 0, -0.012821921147406, -0.65546429157257, 0.75511729717255, 0, 0, 0, 0, 1, },
		{ 0.99984622001648, 1.1675228348171e-18, 0.017535753548145, 0, -0.011802106164396, 0.73961412906647, 0.67292755842209, 0, -0.012969691306353, -0.67303109169006, 0.73950046300888, 0, 0, 0, 0, 1, },
		{ 0.9998362660408, -1.1973987373861e-18, 0.018094800412655, 0, -0.012489997781813, 0.72356772422791, 0.69014036655426, 0, -0.013092814013362, -0.69025337696075, 0.72344928979874, 0, 0, 0, 0, 1, },
		{ 0.9998260140419, 2.4532694247075e-18, 0.018654292449355, 0, -0.013190575875342, 0.70710682868958, 0.70698368549347, 0, -0.013190577737987, -0.70710670948029, 0.70698380470276, 0, 0, 0, 0, 1, },
		{ 0.99981540441513, 0, 0.01921377889812, 0, -0.013902467675507, 0.69025349617004, 0.72343403100967, 0, -0.013262378051877, -0.72356760501862, 0.69012612104416, 0, 0, 0, 0, 1, },
		{ 0.99980449676514, 0, 0.019772816449404, 0, -0.01462425570935, 0.67303109169006, 0.73946958780289, 0, -0.013307719491422, -0.73961412906647, 0.6728994846344, 0, 0, 0, 0, 1, },
		{ 0.99979323148727, 1.7305975507802e-19, 0.020330945029855, 0, -0.015354464761913, 0.65546405315399, 0.75507020950317, 0, -0.013326206244528, -0.75522631406784, 0.65532863140106, 0, 0, 0, 0, 1, },
		{ 0.99978184700012, 0, 0.020887723192573, 0, -0.016091587021947, 0.6375789642334, 0.7702169418335, 0, -0.013317573815584, -0.77038496732712, 0.63743984699249, 0, 0, 0, 0, 1, },
		{ 0.9997701048851, 0, 0.021442707628012, 0, -0.016834106296301, 0.61940234899521, 0.78489321470261, 0, -0.01328166294843, -0.78507363796234, 0.6192598938942, 0, 0, 0, 0, 1, },
		{ 0.99975800514221, 0, 0.021995447576046, 0, -0.017580455169082, 0.60096287727356, 0.79908359050751, 0, -0.013218447566032, -0.79927694797516, 0.60081744194031, 0, 0, 0, 0, 1, },
		{ 0.99974584579468, -3.4305208663026e-18, 0.022545497864485, 0, -0.018329070881009, 0.58228957653046, 0.81277477741241, 0, -0.013128007762134, -0.8129814863205, 0.58214157819748, 0, 0, 0, 0, 1, },
		{ 0.99973332881927, -1.4331858472113e-18, 0.023092409595847, 0, -0.019078383222222, 0.56341290473938, 0.8259551525116, 0, -0.013010561466217, -0.82617539167404, 0.5632626414299, 0, 0, 0, 0, 1, },
		{ 0.99972057342529, 2.9103423410392e-18, 0.023635730147362, 0, -0.019826808944345, 0.54436409473419, 0.83861470222473, 0, -0.012866443023086, -0.83884906768799, 0.54421198368073, 0, 0, 0, 0, 1, },
		{ 0.99970769882202, -2.9524797486233e-18, 0.024175006896257, 0, -0.020572792738676, 0.52517479658127, 0.850745677948, 0, -0.012696104124188, -0.850994348526, 0.52502131462097, 0, 0, 0, 0, 1, },
		{ 0.99969458580017, 0, 0.024709809571505, 0, -0.021314824000001, 0.50587695837021, 0.86234229803085, 0, -0.012500124052167, -0.86260557174683, 0.50572246313095, 0, 0, 0, 0, 1, },
		{ 0.99968135356903, -1.5155904070144e-18, 0.025239683687687, 0, -0.022051367908716, 0.48650386929512, 0.87340009212494, 0, -0.01227920409292, -0.8736783862114, 0.4863488972187, 0, 0, 0, 0, 1, },
		{ 0.99966806173325, 0, 0.025764174759388, 0, -0.022780958563089, 0.46708825230598, 0.88391715288162, 0, -0.012034145183861, -0.88421070575714, 0.4669331908226, 0, 0, 0, 0, 1, },
		{ 0.99965453147888, 0, 0.026282839477062, 0, -0.023502158001065, 0.44766449928284, 0.89389270544052, 0, -0.011765895411372, -0.8942015171051, 0.44750985503197, 0, 0, 0, 0, 1, },
		{ 0.99964094161987, 0, 0.026795238256454, 0, -0.024213602766395, 0.42826491594315, 0.90332877635956, 0, -0.011475460603833, -0.90365314483643, 0.42811116576195, 0, 0, 0, 0, 1, },
		{ 0.99962717294693, 1.5830537068106e-18, 0.027300914749503, 0, -0.024913949891925, 0.40892422199249, 0.91222810745239, 0, -0.011164006777108, -0.91256833076477, 0.4087718129158, 0, 0, 0, 0, 1, },
		{ 0.99961346387863, -1.5975970929429e-18, 0.027799425646663, 0, -0.02560193836689, 0.3896758556366, 0.92059606313705, 0, -0.010832766070962, -0.92095202207565, 0.38952529430389, 0, 0, 0, 0, 1, },
		{ 0.99959969520569, -1.6112303736063e-18, 0.028290310874581, 0, -0.026276351884007, 0.37055361270905, 0.92843931913376, 0, -0.01048307493329, -0.92881107330322, 0.37040528655052, 0, 0, 0, 0, 1, },
		{ 0.99958598613739, 1.2198240173827e-18, 0.02877314388752, 0, -0.026936093345284, 0.35159033536911, 0.93576627969742, 0, -0.010116359218955, -0.93615388870239, 0.35144475102425, 0, 0, 0, 0, 1, },
		{ 0.99957221746445, -2.7905277108528e-18, 0.029247455298901, 0, -0.027580073103309, 0.3328195810318, 0.94258713722229, 0, -0.0097341258078814, -0.94299054145813, 0.33267721533775, 0, 0, 0, 0, 1, },
		{ 0.9995584487915, 0, 0.029712816700339, 0, -0.028207339346409, 0.31427392363548, 0.94891321659088, 0, -0.0093379635363817, -0.9493322968483, 0.31413516402245, 0, 0, 0, 0, 1, },
		{ 0.99954473972321, 1.0269064733813e-18, 0.030168775469065, 0, -0.028816983103752, 0.29598563909531, 0.95475751161575, 0, -0.0089295245707035, -0.95519238710403, 0.29585093259811, 0, 0, 0, 0, 1, },
		{ 0.99953126907349, 2.6308084403507e-18, 0.030614875257015, 0, -0.029408190399408, 0.27798646688461, 0.96013474464417, 0, -0.0085105216130614, -0.9605849981308, 0.27785614132881, 0, 0, 0, 0, 1, },
		{ 0.99951773881912, -1.674920075448e-18, 0.031050687655807, 0, -0.029980236664414, 0.26030778884888, 0.96506011486053, 0, -0.0080827353522182, -0.96552568674088, 0.26018226146698, 0, 0, 0, 0, 1, },
		{ 0.99950450658798, 0, 0.031475741416216, 0, -0.030532458797097, 0.24298016726971, 0.96955054998398, 0, -0.0076479823328555, -0.97003120183945, 0.24285978078842, 0, 0, 0, 0, 1, },
		{ 0.99949139356613, 0, 0.031889613717794, 0, -0.031064290553331, 0.22603389620781, 0.97362399101257, 0, -0.0072081331163645, -0.9741193652153, 0.22591891884804, 0, 0, 0, 0, 1, },
		{ 0.99947845935822, -2.3017983856835e-18, 0.032291833311319, 0, -0.031575251370668, 0.20949795842171, 0.97729915380478, 0, -0.0067650740966201, -0.97780907154083, 0.209388718009, 0, 0, 0, 0, 1, },
		{ 0.99946576356888, 0, 0.032681975513697, 0, -0.03206492960453, 0.19340164959431, 0.98059546947479, 0, -0.0063207475468516, -0.98111963272095, 0.19329831004143, 0, 0, 0, 0, 1, },
		{ 0.99945336580276, -1.2335410500831e-18, 0.033059574663639, 0, -0.032532993704081, 0.17777200043201, 0.98353379964828, 0, -0.0058770678006113, -0.98407167196274, 0.17767484486103, 0, 0, 0, 0, 1, },
		{ 0.99944126605988, -8.5581357285413e-19, 0.033424202352762, 0, -0.032979190349579, 0.16263717412949, 0.98613464832306, 0, -0.0054360176436603, -0.98668587207794, 0.16254630684853, 0, 0, 0, 0, 1, },
		{ 0.99942946434021, 0, 0.033775396645069, 0, -0.033403322100639, 0.14802314341068, 0.98841965198517, 0, -0.004999540746212, -0.98898380994797, 0.1479386985302, 0, 0, 0, 0, 1, },
		{ 0.99941802024841, -9.2950585285556e-19, 0.034112710505724, 0, -0.033805258572102, 0.13395591080189, 0.99041050672531, 0, -0.0045695994049311, -0.9909873008728, 0.13387794792652, 0, 0, 0, 0, 1, },
		{ 0.99940693378448, 8.3585871945569e-19, 0.034435719251633, 0, -0.034184966236353, 0.1204599365592, 0.99212944507599, 0, -0.004148124717176, -0.99271816015244, 0.12038849294186, 0, 0, 0, 0, 1, },
		{ 0.99939620494843, 0, 0.034743938595057, 0, -0.034542374312878, 0.10756085067987, 0.99359822273254, 0, -0.0037370878271759, -0.99419850111008, 0.10749590396881, 0, 0, 0, 0, 1, },
		{ 0.99938595294952, 4.3170778473932e-19, 0.035036955028772, 0, -0.034877553582191, 0.095280960202217, 0.99483925104141, 0, -0.0033383548725396, -0.99545037746429, 0.095222450792789, 0, 0, 0, 0, 1, },
		{ 0.99937617778778, 4.32161079715e-19, 0.035314299166203, 0, -0.035190545022488, 0.083644196391106, 0.995874106884, 0, -0.0029538359958678, -0.99649560451508, 0.083592012524605, 0, 0, 0, 0, 1, },
		{ 0.99936693906784, 4.3253411232187e-19, 0.035575531423092, 0, -0.035481464117765, 0.072673067450523, 0.99672442674637, 0, -0.0025853826664388, -0.99735575914383, 0.072627060115337, 0, 0, 0, 0, 1, },
		{ 0.99935817718506, 4.3291164272332e-19, 0.035820215940475, 0, -0.035750433802605, 0.062389142811298, 0.9974113702774, 0, -0.0022347925696522, -0.99805182218552, 0.062349107116461, 0, 0, 0, 0, 1, },
		{ 0.99935001134872, 0, 0.036047883331776, 0, -0.035997577011585, 0.052813865244389, 0.99795526266098, 0, -0.0019038281170651, -0.99860429763794, 0.052779540419579, 0, 0, 0, 0, 1, },
		{ 0.99934244155884, 0, 0.036258097738028, 0, -0.036223031580448, 0.043968193233013, 0.99837601184845, 0, -0.0015942028257996, -0.99903291463852, 0.043939281255007, 0, 0, 0, 0, 1, },
		{ 0.9993354678154, -2.1670086069343e-19, 0.036450415849686, 0, -0.036426953971386, 0.035872407257557, 0.99869221448898, 0, -0.0013075640890747, -0.99935632944107, 0.035848565399647, 0, 0, 0, 0, 1, },
		{ 0.99932903051376, 0, 0.036624394357204, 0, -0.036609470844269, 0.028547070920467, 0.99892181158066, 0, -0.001045519253239, -0.99959242343903, 0.028527921065688, 0, 0, 0, 0, 1, },
		{ 0.99932336807251, 0, 0.036779582500458, 0, -0.036770671606064, 0.022011112421751, 0.99908131361008, 0, -0.00080955954035744, -0.99975764751434, 0.021996218711138, 0, 0, 0, 0, 1, },
		{ 0.99931836128235, 1.0840583852306e-19, 0.036915525794029, 0, -0.036910630762577, 0.016284776851535, 0.99918580055237, 0, -0.00060116109671071, -0.99986737966537, 0.016273677349091, 0, 0, 0, 0, 1, },
		{ 0.99931406974792, 5.4206593106672e-20, 0.037031784653664, 0, -0.037029385566711, 0.011387962847948, 0.99924921989441, 0, -0.00042171662789769, -0.99993515014648, 0.011380151845515, 0, 0, 0, 0, 1, },
		{ 0.99931043386459, 5.0924123947386e-20, 0.037127897143364, 0, -0.037126898765564, 0.0073389397002757, 0.99928361177444, 0, -0.00027247943216935, -0.99997305870056, 0.0073338802903891, 0, 0, 0, 0, 1, },
		{ 0.99930763244629, 0, 0.037203442305326, 0, -0.037203125655651, 0.0041561173275113, 0.99929904937744, 0, -0.00015462187002413, -0.99999129772186, 0.004153240006417, 0, 0, 0, 0, 1, },
		{ 0.99930447340012, 0, 0.037290971726179, 0, -0.037290960550308, 0.00046791738714091, 0.99930435419083, 0, -1.744909241097e-05, -0.99999988079071, 0.00046759191900492, 0, 0, 0, 0, 1, },
		{ 0.99930399656296, 3.9698722895517e-35, 0.03730209544301, 0, -0.03730209544301, 6.1232342629258e-17, 0.99930399656296, 0, -2.2840946526233e-18, -1, 6.11897262841e-17, 0, 0, 0, 0, 1, },
	},
}
end
