function data()
return {
	times = { 0, 41.667, 83.333, 125, 166.667, 208.333, 250, 291.667, 333.333, 375, 416.667, 458.333, 500, 541.667, 583.333, 625, 666.667, 708.333, 750, 791.667, 833.333, 875, 916.667, 958.333, 1000, 1041.667, 1083.333, 1125, 1166.667, 1208.333, 1250, 1291.667, 1333.333, 1375, 1416.667, 1458.333, 1500, 1541.667, 1583.333, 1625, 1666.667, 1708.333, 1750, 1791.667, 1833.333, 1875, 1916.667, 1958.333, 2000, 2041.667, 2083.333, 2125, 2166.667, 2208.333, 2250, 2291.667, 2333.333, 2375, 2416.667, 2458.333, 2500, 2541.667, 2583.333, 2625, 2666.667, 2708.333, 2750, 2791.667, 2833.333, 2875, 2916.667, 2958.333, 3000, 3041.667, 3083.333, 3125, 3166.667, 3208.333, 3250, 3291.667, 3333.333, 3375, 3416.667, 3458.333, 3500, 3541.667, 3583.333, 3625, 3666.667, 3708.333, 3750, 3791.667, 3833.333, 3875, 3916.667, 3958.333, 4000, 4041.667, 4125, 4166.667, },
	transfs = {
		{ 1, 0, 0, 0, 0, 1, 0, 0, 0, 0, 1, 0, 0, 0, 0, 1, },
		{ 1, 0, -9.8368091130396e-06, 0, -4.5022594541422e-09, 0.99999988079071, -0.00045769510325044, 0, 9.8368072940502e-06, 0.00045769510325044, 0.99999988079071, 0, 0, 0, 0, 1, },
		{ 1, -1.2322585574596e-23, -3.9083159208531e-05, 0, -7.1072442153763e-08, 0.99999833106995, -0.0018184926593676, 0, 3.9083097362891e-05, 0.0018184926593676, 0.99999833106995, 0, 0, 0, 0, 1, },
		{ 1, 5.293912059673e-23, -8.734293805901e-05, 0, -3.5495764905136e-07, 0.99999171495438, -0.0040639531798661, 0, 8.7342217739206e-05, 0.0040639531798661, 0.99999171495438, 0, 0, 0, 0, 1, },
		{ 1, 0, -0.00015422003343701, 0, -1.1066235856561e-06, 0.99997425079346, -0.0071756150573492, 0, 0.00015421606076416, 0.0071756155230105, 0.99997425079346, 0, 0, 0, 0, 1, },
		{ 1, 0, -0.00023931833857205, 0, -2.66480310529e-06, 0.99993795156479, -0.011134970933199, 0, 0.00023930349561851, 0.011134970933199, 0.99993795156479, 0, 0, 0, 0, 1, },
		{ 0.99999988079071, 8.6321103291632e-22, -0.0003422417503316, 0, -5.4496631491929e-06, 0.99987322092056, -0.015923431143165, 0, 0.00034219835652038, 0.01592343300581, 0.99987316131592, 0, 0, 0, 0, 1, },
		{ 0.99999988079071, -1.1667260361283e-21, -0.00046259406371973, 0, -9.9560875241878e-06, 0.9997683763504, -0.021522294729948, 0, 0.00046248693251982, 0.021522296592593, 0.99976825714111, 0, 0, 0, 0, 1, },
		{ 0.99999976158142, 3.6050950941665e-22, -0.00059997942298651, 0, -1.6747051631683e-05, 0.99961030483246, -0.027912706136703, 0, 0.00059974560281262, 0.027912709861994, 0.99961012601852, 0, 0, 0, 0, 1, },
		{ 0.99999970197678, 0, -0.00075400108471513, 0, -2.6447034542798e-05, 0.99938464164734, -0.035075582563877, 0, 0.00075353711144999, 0.035075593739748, 0.99938440322876, 0, 0, 0, 0, 1, },
		{ 0.99999958276749, 0, -0.00092426396440715, 0, -3.9735645259498e-05, 0.9990753531456, -0.042991645634174, 0, 0.00092340941773728, 0.042991660535336, 0.99907499551773, 0, 0, 0, 0, 1, },
		{ 0.99999940395355, 0, -0.0011103707365692, 0, -5.7340970670339e-05, 0.99866569042206, -0.051641248166561, 0, 0.0011088891187683, 0.051641277968884, 0.99866509437561, 0, 0, 0, 0, 1, },
		{ 0.99999916553497, 0, -0.0013119260547683, 0, -8.0033409176394e-05, 0.99813741445541, -0.06100445613265, 0, 0.0013094826135784, 0.061004504561424, 0.99813657999039, 0, 0, 0, 0, 1, },
		{ 0.99999874830246, 0, -0.0015285338740796, 0, -0.00010861909686355, 0.99747198820114, -0.071060881018639, 0, 0.0015246698167175, 0.071060962975025, 0.99747079610825, 0, 0, 0, 0, 1, },
		{ 0.99999839067459, 0, -0.0017597974510863, 0, -0.00014393366291188, 0.99664962291718, -0.081789769232273, 0, 0.0017539015971124, 0.081789895892143, 0.99664807319641, 0, 0, 0, 0, 1, },
		{ 0.99999791383743, -2.6987153609868e-20, -0.0020053209736943, 0, -0.00018683570669964, 0.99565023183823, -0.093169793486595, 0, 0.0019965979736298, 0.093169972300529, 0.9956482052803, 0, 0, 0, 0, 1, },
		{ 0.99999737739563, 0, -0.0022647089790553, 0, -0.00023820079513825, 0.9944531917572, -0.10517916828394, 0, 0.0022521470673382, 0.10517943650484, 0.99445068836212, 0, 0, 0, 0, 1, },
		{ 0.99999672174454, 0, -0.0025375641416758, 0, -0.00029891455778852, 0.99303776025772, -0.11779548227787, 0, 0.002519897185266, 0.1177958548069, 0.99303460121155, 0, 0, 0, 0, 1, },
		{ 0.99999594688416, -5.3742971298033e-20, -0.0028234901838005, 0, -0.00036986678605899, 0.99138283729553, -0.13099578022957, 0, 0.0027991598471999, 0.13099628686905, 0.99137890338898, 0, 0, 0, 0, 1, },
		{ 0.99999511241913, 0, -0.0031220926903188, 0, -0.00045194529229775, 0.9894672036171, -0.14475645124912, 0, 0.0030892081558704, 0.14475716650486, 0.98946231603622, 0, 0, 0, 0, 1, },
		{ 0.99999409914017, 1.0704000823537e-19, -0.0034329728223383, 0, -0.00054602860473096, 0.98726981878281, -0.15905320644379, 0, 0.0033892705105245, 0.1590541601181, 0.98726403713226, 0, 0, 0, 0, 1, },
		{ 0.99999290704727, 0, -0.0037557380273938, 0, -0.00065298174740747, 0.98476988077164, -0.17386120557785, 0, 0.0036985380575061, 0.17386241257191, 0.98476296663284, 0, 0, 0, 0, 1, },
		{ 0.99999159574509, 5.7604062989323e-20, -0.0040899883024395, 0, -0.00077364721801132, 0.98194694519043, -0.18915475904942, 0, 0.0040161516517401, 0.18915632367134, 0.98193871974945, 0, 0, 0, 0, 1, },
		{ 0.99999010562897, 0, -0.0044353292323649, 0, -0.00090884149540216, 0.9787809252739, -0.20490756630898, 0, 0.004341215826571, 0.2049095928669, 0.9787712097168, 0, 0, 0, 0, 1, },
		{ 0.99998843669891, 0, -0.0047913659363985, 0, -0.0010593486949801, 0.9752522110939, -0.2210927605629, 0, 0.0046727904118598, 0.22109532356262, 0.97524094581604, 0, 0, 0, 0, 1, },
		{ 0.99998664855957, 0, -0.0051577002741396, 0, -0.0012259125942364, 0.97134208679199, -0.23768271505833, 0, 0.005009890999645, 0.23768588900566, 0.97132909297943, 0, 0, 0, 0, 1, },
		{ 0.99998468160629, -2.2087632625393e-19, -0.0055339373648167, 0, -0.0014092341298237, 0.96703243255615, -0.25464916229248, 0, 0.0053514968603849, 0.25465306639671, 0.96701765060425, 0, 0, 0, 0, 1, },
		{ 0.99998247623444, 0, -0.0059196776710451, 0, -0.001609961502254, 0.96230638027191, -0.27196303009987, 0, 0.0056965434923768, 0.27196773886681, 0.96228951215744, 0, 0, 0, 0, 1, },
		{ 0.999980032444, -4.3640168574874e-20, -0.0063145277090371, 0, -0.0018286909908056, 0.9571475982666, -0.28959482908249, 0, 0.0060439351946115, 0.28960058093071, 0.95712852478027, 0, 0, 0, 0, 1, },
		{ 0.99997735023499, 0, -0.0067180930636823, 0, -0.0020659589208663, 0.95154112577438, -0.30751463770866, 0, 0.0063925422728062, 0.30752158164978, 0.95151960849762, 0, 0, 0, 0, 1, },
		{ 0.99997454881668, 0, -0.0071299751289189, 0, -0.0023222337476909, 0.94547307491302, -0.3256918489933, 0, 0.0067411996424198, 0.32570013403893, 0.94544905424118, 0, 0, 0, 0, 1, },
		{ 0.9999715089798, 4.0719645863542e-19, -0.00754977716133, 0, -0.0025979175698012, 0.93893110752106, -0.34409537911415, 0, 0.0070887207984924, 0.34410518407822, 0.93890428543091, 0, 0, 0, 0, 1, },
		{ 0.99996811151505, 4.0414889261423e-19, -0.0079771056771278, 0, -0.0028933389112353, 0.93190389871597, -0.36269378662109, 0, 0.0074338959529996, 0.36270534992218, 0.93187421560287, 0, 0, 0, 0, 1, },
		{ 0.999964594841, -3.3087136614181e-19, -0.0084115602076054, 0, -0.0032087471336126, 0.92438173294067, -0.38145518302917, 0, 0.0077754929661751, 0.38146871328354, 0.92434900999069, 0, 0, 0, 0, 1, },
		{ 0.99996083974838, 0, -0.0088527482002974, 0, -0.003544315462932, 0.91635650396347, -0.40034759044647, 0, 0.0081122731789947, 0.40036332607269, 0.91632056236267, 0, 0, 0, 0, 1, },
		{ 0.99995666742325, -3.337636031536e-19, -0.0093002701178193, 0, -0.0039001333061606, 0.90782141685486, -0.41933879256248, 0, 0.008442984893918, 0.41935694217682, 0.90778207778931, 0, 0, 0, 0, 1, },
		{ 0.99995237588882, -7.795600314835e-19, -0.0097537329420447, 0, -0.00427620485425, 0.89877152442932, -0.43839645385742, 0, 0.0087663773447275, 0.43841731548309, 0.89872878789902, 0, 0, 0, 0, 1, },
		{ 0.99994784593582, 7.936565332899e-19, -0.010212740860879, 0, -0.0046724500134587, 0.88920348882675, -0.45748800039291, 0, 0.0090812044218183, 0.45751184225082, 0.88915711641312, 0, 0, 0, 0, 1, },
		{ 0.99994295835495, -6.4272450583253e-20, -0.010676892474294, 0, -0.0050886967219412, 0.87911570072174, -0.47658121585846, 0, 0.0093862228095531, 0.47660836577415, 0.87906557321548, 0, 0, 0, 0, 1, },
		{ 0.9999378323555, 0, -0.011145796626806, 0, -0.0055246893316507, 0.86850821971893, -0.49564391374588, 0, 0.0096802162006497, 0.49567472934723, 0.86845427751541, 0, 0, 0, 0, 1, },
		{ 0.99993246793747, 0, -0.011619057506323, 0, -0.0059800846502185, 0.85738289356232, -0.51464420557022, 0, 0.0099619822576642, 0.51467895507813, 0.85732507705688, 0, 0, 0, 0, 1, },
		{ 0.99992686510086, -9.2563030489059e-19, -0.012096271850169, 0, -0.0064544435590506, 0.8457435965538, -0.53355050086975, 0, 0.010230343788862, 0.53358954191208, 0.84568166732788, 0, 0, 0, 0, 1, },
		{ 0.99992090463638, 9.5821822249546e-19, -0.01257704757154, 0, -0.0069472487084568, 0.83359563350677, -0.55233150720596, 0, 0.010484172031283, 0.55237519741058, 0.83352971076965, 0, 0, 0, 0, 1, },
		{ 0.99991464614868, -9.9053637582306e-19, -0.013060996308923, 0, -0.0074578993953764, 0.82094621658325, -0.57095670700073, 0, 0.010722376406193, 0.57100534439087, 0.82087618112564, 0, 0, 0, 0, 1, },
		{ 0.9999081492424, 1.4013175767393e-18, -0.013547709211707, 0, -0.0079857017844915, 0.80780458450317, -0.58939623832703, 0, 0.010943901725113, 0.58945029973984, 0.80773049592972, 0, 0, 0, 0, 1, },
		{ 0.99990141391754, 0, -0.014036798849702, 0, -0.0085298921912909, 0.79418140649796, -0.60762089490891, 0, 0.011147764511406, 0.60768073797226, 0.79410308599472, 0, 0, 0, 0, 1, },
		{ 0.9998944401741, 0, -0.014527859166265, 0, -0.0090896226465702, 0.78008908033371, -0.6256023645401, 0, 0.011333025991917, 0.62566834688187, 0.78000682592392, 0, 0, 0, 0, 1, },
		{ 0.9998871088028, 1.3280039386633e-18, -0.015020504593849, 0, -0.0096639785915613, 0.76554214954376, -0.64331316947937, 0, 0.011498828418553, 0.64338576793671, 0.76545572280884, 0, 0, 0, 0, 1, },
		{ 0.9998796582222, -2.2926326041109e-18, -0.015514332801104, 0, -0.01025197096169, 0.75055634975433, -0.66072690486908, 0, 0.011644381098449, 0.66080635786057, 0.75046598911285, 0, 0, 0, 0, 1, },
		{ 0.99987185001373, 0, -0.016008950769901, 0, -0.010852551087737, 0.73514932394028, -0.67781835794449, 0, 0.011768968775868, 0.67790520191193, 0.73505502939224, 0, 0, 0, 0, 1, },
		{ 0.99986380338669, 4.2815291789574e-20, -0.016503963619471, 0, -0.01146461814642, 0.71933972835541, -0.69456380605698, 0, 0.01187195815146, 0.69465839862823, 0.71924179792404, 0, 0, 0, 0, 1, },
		{ 0.99985551834106, 2.4395373993585e-18, -0.016998961567879, 0, -0.012086988426745, 0.70314878225327, -0.71094000339508, 0, 0.011952799744904, 0.71104276180267, 0.70304709672928, 0, 0, 0, 0, 1, },
		{ 0.99984693527222, -2.4522662614196e-18, -0.017493573948741, 0, -0.012718482874334, 0.68659788370132, -0.72692614793777, 0, 0.012011051177979, 0.72703731060028, 0.68649280071259, 0, 0, 0, 0, 1, },
		{ 0.99983823299408, 1.2882438481597e-18, -0.017987385392189, 0, -0.013357828371227, 0.66971075534821, -0.74250185489655, 0, 0.012046345509589, 0.74262201786041, 0.66960245370865, 0, 0, 0, 0, 1, },
		{ 0.99982917308807, 1.131928012288e-18, -0.018480001017451, 0, -0.014003743417561, 0.65251207351685, -0.75764894485474, 0, 0.012058422900736, 0.75777834653854, 0.65240061283112, 0, 0, 0, 0, 1, },
		{ 0.99982005357742, 1.3400562703809e-18, -0.018971033394337, 0, -0.01465493068099, 0.63502711057663, -0.7723508477211, 0, 0.012047120369971, 0.77248984575272, 0.63491278886795, 0, 0, 0, 0, 1, },
		{ 0.99981063604355, -2.9396192097484e-19, -0.019460070878267, 0, -0.0153100322932, 0.61728340387344, -0.78659188747406, 0, 0.012012378312647, 0.786740899086, 0.61716651916504, 0, 0, 0, 0, 1, },
		{ 0.99980103969574, 3.4679462395273e-18, -0.019946731626987, 0, -0.015967721119523, 0.59930837154388, -0.80035895109177, 0, 0.011954243294895, 0.80051821470261, 0.59918916225433, 0, 0, 0, 0, 1, },
		{ 0.999791264534, -6.0446564474315e-19, -0.020430624485016, 0, -0.016626654192805, 0.5811305642128, -0.81364047527313, 0, 0.011872859671712, 0.81381034851074, 0.58100926876068, 0, 0, 0, 0, 1, },
		{ 0.99978131055832, 0, -0.020911335945129, 0, -0.017285443842411, 0.56278043985367, -0.82642567157745, 0, 0.011768490076065, 0.82660645246506, 0.56265729665756, 0, 0, 0, 0, 1, },
		{ 0.99977123737335, -1.4552571973033e-18, -0.021388476714492, 0, -0.017942763864994, 0.54428768157959, -0.83870673179626, 0, 0.01164148375392, 0.83889865875244, 0.54416316747665, 0, 0, 0, 0, 1, },
		{ 0.99976098537445, -1.4756948656855e-18, -0.021861650049686, 0, -0.018597275018692, 0.52568346261978, -0.85047686100006, 0, 0.011492309160531, 0.85068017244339, 0.52555787563324, 0, 0, 0, 0, 1, },
		{ 0.9997506737709, 1.4952392824038e-18, -0.022330468520522, 0, -0.0192476734519, 0.50699883699417, -0.86173182725906, 0, 0.011321521364152, 0.86194676160812, 0.5068724155426, 0, 0, 0, 0, 1, },
		{ 0.99974012374878, -1.8012889229168e-19, -0.022794527933002, 0, -0.019892666488886, 0.48826602101326, -0.87246799468994, 0, 0.011129793711007, 0.87269479036331, 0.48813918232918, 0, 0, 0, 0, 1, },
		{ 0.99972951412201, 0, -0.023253435268998, 0, -0.020531000569463, 0.46951714158058, -0.88268452882767, 0, 0.010917888022959, 0.88292330503464, 0.46939021348953, 0, 0, 0, 0, 1, },
		{ 0.99971890449524, -1.5639715806572e-18, -0.023706799373031, 0, -0.021161472424865, 0.45078411698341, -0.89238214492798, 0, 0.010686648078263, 0.89263302087784, 0.45065739750862, 0, 0, 0, 0, 1, },
		{ 0.99970817565918, 0, -0.024154219776392, 0, -0.021782899275422, 0.43209964036942, -0.90156269073486, 0, 0.010437030345201, 0.90182584524155, 0.43197357654572, 0, 0, 0, 0, 1, },
		{ 0.99969750642776, -1.4487057717555e-19, -0.024595282971859, 0, -0.022394143044949, 0.41349670290947, -0.91023015975952, 0, 0.010170068591833, 0.91050553321838, 0.41337162256241, 0, 0, 0, 0, 1, },
		{ 0.99968665838242, 1.3704575360365e-18, -0.025029620155692, 0, -0.022994160652161, 0.39500749111176, -0.91839003562927, 0, 0.0098868887871504, 0.91867792606354, 0.3948837518692, 0, 0, 0, 0, 1, },
		{ 0.99967586994171, -1.6069609842722e-18, -0.025456823408604, 0, -0.023581929504871, 0.37666389346123, -0.92604970932007, 0, 0.009588667191565, 0.9263499379158, 0.37654182314873, 0, 0, 0, 0, 1, },
		{ 0.99966508150101, -1.6194168767312e-18, -0.025876501575112, 0, -0.024156499654055, 0.35849836468697, -0.93321770429611, 0, 0.009276682510972, 0.93353027105331, 0.35837829113007, 0, 0, 0, 0, 1, },
		{ 0.99965435266495, 0, -0.026288252323866, 0, -0.024716980755329, 0.34054246544838, -0.93990415334702, 0, 0.008952266536653, 0.94022911787033, 0.34042474627495, 0, 0, 0, 0, 1, },
		{ 0.99964374303818, 1.6418420533302e-18, -0.026691682636738, 0, -0.025262543931603, 0.32282826304436, -0.946120262146, 0, 0.0086168292909861, 0.94645750522614, 0.32271322607994, 0, 0, 0, 0, 1, },
		{ 0.99963301420212, 0, -0.027086399495602, 0, -0.025792445987463, 0.3053859770298, -0.95187926292419, 0, 0.0082718068733811, 0.95222860574722, 0.30527395009995, 0, 0, 0, 0, 1, },
		{ 0.99962258338928, 1.0000573280711e-18, -0.02747200243175, 0, -0.026305982843041, 0.28824689984322, -0.95719468593597, 0, 0.00791871920228, 0.95755606889725, 0.28813809156418, 0, 0, 0, 0, 1, },
		{ 0.99961215257645, 9.4174822931892e-19, -0.027848098427057, 0, -0.026802549138665, 0.2714404463768, -0.96208190917969, 0, 0.0075591006316245, 0.96245521306992, 0.27133518457413, 0, 0, 0, 0, 1, },
		{ 0.9996018409729, 8.3868845263244e-19, -0.028214292600751, 0, -0.027281582355499, 0.25499659776688, -0.96655702590942, 0, 0.0071945483796299, 0.96694195270538, 0.25489509105682, 0, 0, 0, 0, 1, },
		{ 0.99959176778793, -8.4223726425545e-19, -0.02857019379735, 0, -0.027742614969611, 0.23894366621971, -0.9706369638443, 0, 0.0068266671150923, 0.97103345394135, 0.23884612321854, 0, 0, 0, 0, 1, },
		{ 0.99958181381226, -7.7476393489434e-19, -0.028915392234921, 0, -0.028185199946165, 0.22331050038338, -0.97433978319168, 0, 0.006457110401243, 0.97474735975266, 0.22321712970734, 0, 0, 0, 0, 1, },
		{ 0.9995721578598, -7.2207599369353e-19, -0.02924950607121, 0, -0.028609013184905, 0.20812423527241, -0.9776839017868, 0, 0.0060875318013132, 0.97810232639313, 0.20803520083427, 0, 0, 0, 0, 1, },
		{ 0.99956262111664, 6.7103429700806e-19, -0.029572129249573, 0, -0.029013734310865, 0.19341246783733, -0.98068845272064, 0, 0.0057196188718081, 0.98111748695374, 0.19332790374756, 0, 0, 0, 0, 1, },
		{ 0.99955332279205, 8.5332127766851e-19, -0.0298828817904, 0, -0.029399152845144, 0.17920079827309, -0.98337316513062, 0, 0.0053550363518298, 0.98381245136261, 0.17912076413631, 0, 0, 0, 0, 1, },
		{ 0.99954438209534, 0, -0.030181340873241, 0, -0.029765054583549, 0.16551566123962, -0.98575782775879, 0, 0.0049954843707383, 0.98620718717575, 0.16544024646282, 0, 0, 0, 0, 1, },
		{ 0.99953573942184, 8.5723254949617e-19, -0.030467141419649, 0, -0.030111344531178, 0.15238040685654, -0.98786306381226, 0, 0.0046425955370069, 0.98832184076309, 0.15230967104435, 0, 0, 0, 0, 1, },
		{ 0.99952733516693, 0, -0.030739868059754, 0, -0.030437903478742, 0.13982117176056, -0.98970884084702, 0, 0.0042980844154954, 0.9901767373085, 0.13975508511066, 0, 0, 0, 0, 1, },
		{ 0.99951940774918, -4.4360620916423e-19, -0.030999142676592, 0, -0.030744705349207, 0.12786078453064, -0.99131548404694, 0, 0.0039635747671127, 0.9917921423912, 0.12779934704304, 0, 0, 0, 0, 1, },
		{ 0.99951177835464, -4.3072664513526e-19, -0.031244542449713, 0, -0.031031705439091, 0.11652281880379, -0.99270308017731, 0, 0.0036407024599612, 0.9931880235672, 0.11646594107151, 0, 0, 0, 0, 1, },
		{ 0.99950450658798, 0, -0.031475685536861, 0, -0.03129892796278, 0.10582908242941, -0.99389159679413, 0, 0.0033310428261757, 0.99438428878784, 0.10577665269375, 0, 0, 0, 0, 1, },
		{ 0.99949765205383, 2.3307111398267e-19, -0.031692199409008, 0, -0.031546428799629, 0.095801614224911, -0.99490040540695, 0, 0.0030361639801413, 0.99540036916733, 0.095753490924835, 0, 0, 0, 0, 1, },
		{ 0.99949127435684, -4.3205675156024e-19, -0.031893651932478, 0, -0.031774211674929, 0.08646248281002, -0.99574828147888, 0, 0.0027576042339206, 0.99625504016876, 0.086418502032757, 0, 0, 0, 0, 1, },
		{ 0.99948531389236, 1.0770811167637e-19, -0.03207965195179, 0, -0.031982336193323, 0.077832780778408, -0.99645322561264, 0, 0.0024968483485281, 0.99696636199951, 0.077792719006538, 0, 0, 0, 0, 1, },
		{ 0.99947983026505, -4.3261910512981e-19, -0.032249830663204, 0, -0.032170876860619, 0.069932475686073, -0.99703276157379, 0, 0.0022553107701242, 0.99755173921585, 0.069896101951599, 0, 0, 0, 0, 1, },
		{ 0.99947488307953, 2.8085164787198e-21, -0.032403778284788, 0, -0.032339856028557, 0.062781453132629, -0.997503221035, 0, 0.0020343563519418, 0.99802732467651, 0.062748484313488, 0, 0, 0, 0, 1, },
		{ 0.99947041273117, 0, -0.032541081309319, 0, -0.032489281147718, 0.056400440633297, -0.99787944555283, 0, 0.0018353312043473, 0.99840825796127, 0.056370567530394, 0, 0, 0, 0, 1, },
		{ 0.99946641921997, 0, -0.032661378383636, 0, -0.032619193196297, 0.050808668136597, -0.99817550182343, 0, 0.0016594810876995, 0.99870842695236, 0.050781562924385, 0, 0, 0, 0, 1, },
		{ 0.99946308135986, 2.1661063338318e-19, -0.032764241099358, 0, -0.032729521393776, 0.046025529503822, -0.99840396642685, 0, 0.0015079914592206, 0.99894022941589, 0.046000819653273, 0, 0, 0, 0, 1, },
		{ 0.99946027994156, 2.1664845104681e-19, -0.032849282026291, 0, -0.032820206135511, 0.042069919407368, -0.99857544898987, 0, 0.0013819668674842, 0.99911463260651, 0.042047210037708, 0, 0, 0, 0, 1, },
		{ 0.99945813417435, -2.7034511315523e-19, -0.032916132360697, 0, -0.032891139388084, 0.038960836827755, -0.99869918823242, 0, 0.0012824401492253, 0.99924075603485, 0.038939725607634, 0, 0, 0, 0, 1, },
		{ 0.99945551156998, 0, -0.032993603497744, 0, -0.032972976565361, 0.035357013344765, -0.99883061647415, 0, 0.0011665552156046, 0.99937468767166, 0.035337761044502, 0, 0, 0, 0, 1, },
		{ 0.99945515394211, 0, -0.033003434538841, 0, -0.0329833291471, 0.034899365156889, -0.99884635210037, 0, 0.0011517988750711, 0.99939078092575, 0.034880351275206, 0, 0, 0, 0, 1, },
	},
}
end
