function data()
return {
	times = { 0, 41.667, 83.333, 125, 166.667, 208.333, 250, 291.667, 333.333, 375, 416.667, 458.333, 500, 541.667, 583.333, 625, 666.667, 708.333, 750, 791.667, 833.333, 875, 916.667, 958.333, 1000, 1041.667, 1083.333, 1125, 1166.667, 1208.333, 1250, 1291.667, 1333.333, 1375, 1416.667, 1458.333, 1500, 1541.667, 1583.333, 1625, 1666.667, 1708.333, 1750, 1791.667, 1833.333, 1875, 1916.667, 1958.333, 2000, 2041.667, 2083.333, 2125, 2166.667, 2208.333, 2250, 2291.667, 2333.333, 2375, 2416.667, 2458.333, 2500, 2541.667, 2583.333, 2625, 2666.667, 2708.333, 2750, 2791.667, 2833.333, 2875, 2916.667, 2958.333, 3000, 3041.667, 3083.333, 3125, 3166.667, 3208.333, 3250, 3291.667, 3333.333, 3375, 3416.667, 3458.333, 3500, 3541.667, 3583.333, 3625, 3666.667, 3708.333, 3750, 3791.667, 3833.333, 3875, 3916.667, 3958.333, 4000, 4041.667, 4125, 4166.667, },
	transfs = {
		{ 1, 0, 0, 0, 0, 1, 0, 0, 0, 0, 1, 0, 0, 0, 0, 1, },
		{ 0.99999958276749, -0.00092640786897391, 0, 0, 0.00092640786897391, 0.99999958276749, 0, 0, 0, 0, 1, 0, 0, 0, 0, 1, },
		{ 0.9999932050705, -0.0036807542201132, 0, 0, 0.0036807542201132, 0.9999932050705, 0, 0, 0, 0, 1, 0, 0, 0, 0, 1, },
		{ 0.99996608495712, -0.008225666359067, 0, 0, 0.008225666359067, 0.99996608495712, 0, 0, 0, 0, 1, 0, 0, 0, 0, 1, },
		{ 0.9998944401741, -0.014523579739034, 0, 0, 0.014523579739034, 0.9998944401741, 0, 0, 0, 0, 1, 0, 0, 0, 0, 1, },
		{ 0.99974602460861, -0.022536545991898, 0, 0, 0.022536545991898, 0.99974602460861, 0, 0, 0, 0, 1, 0, 0, 0, 0, 1, },
		{ 0.99948060512543, -0.032225959002972, 0, 0, 0.032225959002972, 0.99948060512543, 0, 0, 0, 0, 1, 0, 0, 0, 0, 1, },
		{ 0.99905115365982, -0.04355226457119, 0, 0, 0.04355226457119, 0.99905115365982, 0, 0, 0, 0, 1, 0, 0, 0, 0, 1, },
		{ 0.99840396642685, -0.05647461488843, 0, 0, 0.05647461488843, 0.99840396642685, 0, 0, 0, 0, 1, 0, 0, 0, 0, 1, },
		{ 0.99747979640961, -0.070950448513031, 0, 0, 0.070950448513031, 0.99747979640961, 0, 0, 0, 0, 1, 0, 0, 0, 0, 1, },
		{ 0.99621397256851, -0.086935207247734, 0, 0, 0.086935207247734, 0.99621397256851, 0, 0, 0, 0, 1, 0, 0, 0, 0, 1, },
		{ 0.99453729391098, -0.10438174009323, 0, 0, 0.10438174009323, 0.99453729391098, 0, 0, 0, 0, 1, 0, 0, 0, 0, 1, },
		{ 0.99237680435181, -0.12324015796185, 0, 0, 0.12324015796185, 0.99237680435181, 0, 0, 0, 0, 1, 0, 0, 0, 0, 1, },
		{ 0.9896565079689, -0.14345717430115, 0, 0, 0.14345717430115, 0.9896565079689, 0, 0, 0, 0, 1, 0, 0, 0, 0, 1, },
		{ 0.98629754781723, -0.16497613489628, 0, 0, 0.16497613489628, 0.98629754781723, 0, 0, 0, 0, 1, 0, 0, 0, 0, 1, },
		{ 0.98221951723099, -0.18773600459099, 0, 0, 0.18773600459099, 0.98221951723099, 0, 0, 0, 0, 1, 0, 0, 0, 0, 1, },
		{ 0.97734081745148, -0.21167187392712, 0, 0, 0.21167187392712, 0.97734081745148, 0, 0, 0, 0, 1, 0, 0, 0, 0, 1, },
		{ 0.97157937288284, -0.23671381175518, 0, 0, 0.23671381175518, 0.97157937288284, 0, 0, 0, 0, 1, 0, 0, 0, 0, 1, },
		{ 0.96485370397568, -0.26278764009476, 0, 0, 0.26278764009476, 0.96485370397568, 0, 0, 0, 0, 1, 0, 0, 0, 0, 1, },
		{ 0.95708304643631, -0.28981351852417, 0, 0, 0.28981351852417, 0.95708304643631, 0, 0, 0, 0, 1, 0, 0, 0, 0, 1, },
		{ 0.94818890094757, -0.31770694255829, 0, 0, 0.31770694255829, 0.94818890094757, 0, 0, 0, 0, 1, 0, 0, 0, 0, 1, },
		{ 0.93809485435486, -0.34637829661369, 0, 0, 0.34637829661369, 0.93809485435486, 0, 0, 0, 0, 1, 0, 0, 0, 0, 1, },
		{ 0.92672824859619, -0.37573236227036, 0, 0, 0.37573236227036, 0.92672824859619, 0, 0, 0, 0, 1, 0, 0, 0, 0, 1, },
		{ 0.91402000188828, -0.40566894412041, 0, 0, 0.40566894412041, 0.91402000188828, 0, 0, 0, 0, 1, 0, 0, 0, 0, 1, },
		{ 0.8999063372612, -0.43608313798904, 0, 0, 0.43608313798904, 0.8999063372612, 0, 0, 0, 0, 1, 0, 0, 0, 0, 1, },
		{ 0.88432848453522, -0.46686512231827, 0, 0, 0.46686512231827, 0.88432848453522, 0, 0, 0, 0, 1, 0, 0, 0, 0, 1, },
		{ 0.86723417043686, -0.49790045619011, 0, 0, 0.49790045619011, 0.86723417043686, 0, 0, 0, 0, 1, 0, 0, 0, 0, 1, },
		{ 0.84857779741287, -0.52907049655914, 0, 0, 0.52907049655914, 0.84857779741287, 0, 0, 0, 0, 1, 0, 0, 0, 0, 1, },
		{ 0.82832115888596, -0.56025350093842, 0, 0, 0.56025350093842, 0.82832115888596, 0, 0, 0, 0, 1, 0, 0, 0, 0, 1, },
		{ 0.8064341545105, -0.59132385253906, 0, 0, 0.59132385253906, 0.8064341545105, 0, 0, 0, 0, 1, 0, 0, 0, 0, 1, },
		{ 0.78289526700974, -0.62215352058411, 0, 0, 0.62215352058411, 0.78289526700974, 0, 0, 0, 0, 1, 0, 0, 0, 0, 1, },
		{ 0.75769180059433, -0.65261256694794, 0, 0, 0.65261256694794, 0.75769180059433, 0, 0, 0, 0, 1, 0, 0, 0, 0, 1, },
		{ 0.73082011938095, -0.68257004022598, 0, 0, 0.68257004022598, 0.73082011938095, 0, 0, 0, 0, 1, 0, 0, 0, 0, 1, },
		{ 0.70228737592697, -0.71189349889755, 0, 0, 0.71189349889755, 0.70228737592697, 0, 0, 0, 0, 1, 0, 0, 0, 0, 1, },
		{ 0.67210948467255, -0.74045181274414, 0, 0, 0.74045181274414, 0.67210948467255, 0, 0, 0, 0, 1, 0, 0, 0, 0, 1, },
		{ 0.6403129696846, -0.76811408996582, 0, 0, 0.76811408996582, 0.6403129696846, 0, 0, 0, 0, 1, 0, 0, 0, 0, 1, },
		{ 0.60693418979645, -0.79475206136703, 0, 0, 0.79475206136703, 0.60693418979645, 0, 0, 0, 0, 1, 0, 0, 0, 0, 1, },
		{ 0.57202070951462, -0.82023918628693, 0, 0, 0.82023918628693, 0.57202070951462, 0, 0, 0, 0, 1, 0, 0, 0, 0, 1, },
		{ 0.53562873601913, -0.84445357322693, 0, 0, 0.84445357322693, 0.53562873601913, 0, 0, 0, 0, 1, 0, 0, 0, 0, 1, },
		{ 0.49782484769821, -0.86727756261826, 0, 0, 0.86727756261826, 0.49782484769821, 0, 0, 0, 0, 1, 0, 0, 0, 0, 1, },
		{ 0.45868590474129, -0.88859844207764, 0, 0, 0.88859844207764, 0.45868590474129, 0, 0, 0, 0, 1, 0, 0, 0, 0, 1, },
		{ 0.41829678416252, -0.9083104133606, 0, 0, 0.9083104133606, 0.41829678416252, 0, 0, 0, 0, 1, 0, 0, 0, 0, 1, },
		{ 0.37675222754478, -0.926313996315, 0, 0, 0.926313996315, 0.37675222754478, 0, 0, 0, 0, 1, 0, 0, 0, 0, 1, },
		{ 0.33415326476097, -0.94251877069473, 0, 0, 0.94251877069473, 0.33415326476097, 0, 0, 0, 0, 1, 0, 0, 0, 0, 1, },
		{ 0.29061073064804, -0.95684134960175, 0, 0, 0.95684134960175, 0.29061073064804, 0, 0, 0, 0, 1, 0, 0, 0, 0, 1, },
		{ 0.24624091386795, -0.9692085981369, 0, 0, 0.9692085981369, 0.24624091386795, 0, 0, 0, 0, 1, 0, 0, 0, 0, 1, },
		{ 0.20116554200649, -0.97955727577209, 0, 0, 0.97955727577209, 0.20116554200649, 0, 0, 0, 0, 1, 0, 0, 0, 0, 1, },
		{ 0.155512586236, -0.98783391714096, 0, 0, 0.98783391714096, 0.155512586236, 0, 0, 0, 0, 1, 0, 0, 0, 0, 1, },
		{ 0.10941378772259, -0.99399620294571, 0, 0, 0.99399620294571, 0.10941378772259, 0, 0, 0, 0, 1, 0, 0, 0, 0, 1, },
		{ 0.063003659248352, -0.99801325798035, 0, 0, 0.99801325798035, 0.063003659248352, 0, 0, 0, 0, 1, 0, 0, 0, 0, 1, },
		{ 0.016419645398855, -0.99986511468887, 0, 0, 0.99986511468887, 0.016419645398855, 0, 0, 0, 0, 1, 0, 0, 0, 0, 1, },
		{ -0.03020004928112, -0.99954378604889, 0, 0, 0.99954378604889, -0.03020004928112, 0, 0, 0, 0, 1, 0, 0, 0, 0, 1, },
		{ -0.076717063784599, -0.99705290794373, 0, 0, 0.99705290794373, -0.076717063784599, 0, 0, 0, 0, 1, 0, 0, 0, 0, 1, },
		{ -0.1229931935668, -0.99240744113922, 0, 0, 0.99240744113922, -0.1229931935668, 0, 0, 0, 0, 1, 0, 0, 0, 0, 1, },
		{ -0.16889318823814, -0.98563432693481, 0, 0, 0.98563432693481, -0.16889318823814, 0, 0, 0, 0, 1, 0, 0, 0, 0, 1, },
		{ -0.2142840474844, -0.97677141427994, 0, 0, 0.97677141427994, -0.2142840474844, 0, 0, 0, 0, 1, 0, 0, 0, 0, 1, },
		{ -0.25903603434563, -0.96586763858795, 0, 0, 0.96586763858795, -0.25903603434563, 0, 0, 0, 0, 1, 0, 0, 0, 0, 1, },
		{ -0.3030252456665, -0.95298254489899, 0, 0, 0.95298254489899, -0.3030252456665, 0, 0, 0, 0, 1, 0, 0, 0, 0, 1, },
		{ -0.34613305330276, -0.93818539381027, 0, 0, 0.93818539381027, -0.34613305330276, 0, 0, 0, 0, 1, 0, 0, 0, 0, 1, },
		{ -0.38824683427811, -0.92155539989471, 0, 0, 0.92155539989471, -0.38824683427811, 0, 0, 0, 0, 1, 0, 0, 0, 0, 1, },
		{ -0.42926108837128, -0.90318042039871, 0, 0, 0.90318042039871, -0.42926108837128, 0, 0, 0, 0, 1, 0, 0, 0, 0, 1, },
		{ -0.46907928586006, -0.88315606117249, 0, 0, 0.88315606117249, -0.46907928586006, 0, 0, 0, 0, 1, 0, 0, 0, 0, 1, },
		{ -0.50761193037033, -0.86158579587936, 0, 0, 0.86158579587936, -0.50761193037033, 0, 0, 0, 0, 1, 0, 0, 0, 0, 1, },
		{ -0.54477959871292, -0.83857923746109, 0, 0, 0.83857923746109, -0.54477959871292, 0, 0, 0, 0, 1, 0, 0, 0, 0, 1, },
		{ -0.58051097393036, -0.81425243616104, 0, 0, 0.81425243616104, -0.58051097393036, 0, 0, 0, 0, 1, 0, 0, 0, 0, 1, },
		{ -0.61474668979645, -0.78872460126877, 0, 0, 0.78872460126877, -0.61474668979645, 0, 0, 0, 0, 1, 0, 0, 0, 0, 1, },
		{ -0.64743447303772, -0.76212114095688, 0, 0, 0.76212114095688, -0.64743447303772, 0, 0, 0, 0, 1, 0, 0, 0, 0, 1, },
		{ -0.67853355407715, -0.73456937074661, 0, 0, 0.73456937074661, -0.67853355407715, 0, 0, 0, 0, 1, 0, 0, 0, 0, 1, },
		{ -0.7080140709877, -0.70619827508926, 0, 0, 0.70619827508926, -0.7080140709877, 0, 0, 0, 0, 1, 0, 0, 0, 0, 1, },
		{ -0.73585432767868, -0.67713987827301, 0, 0, 0.67713987827301, -0.73585432767868, 0, 0, 0, 0, 1, 0, 0, 0, 0, 1, },
		{ -0.76204454898834, -0.64752453565598, 0, 0, 0.64752453565598, -0.76204454898834, 0, 0, 0, 0, 1, 0, 0, 0, 0, 1, },
		{ -0.78658300638199, -0.61748456954956, 0, 0, 0.61748456954956, -0.78658300638199, 0, 0, 0, 0, 1, 0, 0, 0, 0, 1, },
		{ -0.8094784617424, -0.58714950084686, 0, 0, 0.58714950084686, -0.8094784617424, 0, 0, 0, 0, 1, 0, 0, 0, 0, 1, },
		{ -0.83074820041656, -0.55664837360382, 0, 0, 0.55664837360382, -0.83074820041656, 0, 0, 0, 0, 1, 0, 0, 0, 0, 1, },
		{ -0.85041809082031, -0.52610749006271, 0, 0, 0.52610749006271, -0.85041809082031, 0, 0, 0, 0, 1, 0, 0, 0, 0, 1, },
		{ -0.8685222864151, -0.49565014243126, 0, 0, 0.49565014243126, -0.8685222864151, 0, 0, 0, 0, 1, 0, 0, 0, 0, 1, },
		{ -0.8851021528244, -0.46539670228958, 0, 0, 0.46539670228958, -0.8851021528244, 0, 0, 0, 0, 1, 0, 0, 0, 0, 1, },
		{ -0.90020698308945, -0.43546226620674, 0, 0, 0.43546226620674, -0.90020698308945, 0, 0, 0, 0, 1, 0, 0, 0, 0, 1, },
		{ -0.91389119625092, -0.40595918893814, 0, 0, 0.40595918893814, -0.91389119625092, 0, 0, 0, 0, 1, 0, 0, 0, 0, 1, },
		{ -0.92621576786041, -0.37699383497238, 0, 0, 0.37699383497238, -0.92621576786041, 0, 0, 0, 0, 1, 0, 0, 0, 0, 1, },
		{ -0.93724566698074, -0.3486695587635, 0, 0, 0.3486695587635, -0.93724566698074, 0, 0, 0, 0, 1, 0, 0, 0, 0, 1, },
		{ -0.94705104827881, -0.32108309864998, 0, 0, 0.32108309864998, -0.94705104827881, 0, 0, 0, 0, 1, 0, 0, 0, 0, 1, },
		{ -0.95570468902588, -0.29432728886604, 0, 0, 0.29432728886604, -0.95570468902588, 0, 0, 0, 0, 1, 0, 0, 0, 0, 1, },
		{ -0.96328312158585, -0.26848769187927, 0, 0, 0.26848769187927, -0.96328312158585, 0, 0, 0, 0, 1, 0, 0, 0, 0, 1, },
		{ -0.9698634147644, -0.24364921450615, 0, 0, 0.24364921450615, -0.9698634147644, 0, 0, 0, 0, 1, 0, 0, 0, 0, 1, },
		{ -0.97552555799484, -0.21988616883755, 0, 0, 0.21988616883755, -0.97552555799484, 0, 0, 0, 0, 1, 0, 0, 0, 0, 1, },
		{ -0.98034870624542, -0.19727213680744, 0, 0, 0.19727213680744, -0.98034870624542, 0, 0, 0, 0, 1, 0, 0, 0, 0, 1, },
		{ -0.98441231250763, -0.17587572336197, 0, 0, 0.17587572336197, -0.98441231250763, 0, 0, 0, 0, 1, 0, 0, 0, 0, 1, },
		{ -0.98779517412186, -0.15575842559338, 0, 0, 0.15575842559338, -0.98779517412186, 0, 0, 0, 0, 1, 0, 0, 0, 0, 1, },
		{ -0.99057358503342, -0.13698121905327, 0, 0, 0.13698121905327, -0.99057358503342, 0, 0, 0, 0, 1, 0, 0, 0, 0, 1, },
		{ -0.99282217025757, -0.11959920823574, 0, 0, 0.11959920823574, -0.99282217025757, 0, 0, 0, 0, 1, 0, 0, 0, 0, 1, },
		{ -0.99461227655411, -0.103664457798, 0, 0, 0.103664457798, -0.99461227655411, 0, 0, 0, 0, 1, 0, 0, 0, 0, 1, },
		{ -0.99601131677628, -0.089226767420769, 0, 0, 0.089226767420769, -0.99601131677628, 0, 0, 0, 0, 1, 0, 0, 0, 0, 1, },
		{ -0.99708241224289, -0.076332837343216, 0, 0, 0.076332837343216, -0.99708241224289, 0, 0, 0, 0, 1, 0, 0, 0, 0, 1, },
		{ -0.99788355827332, -0.065026298165321, 0, 0, 0.065026298165321, -0.99788355827332, 0, 0, 0, 0, 1, 0, 0, 0, 0, 1, },
		{ -0.99846690893173, -0.055351328104734, 0, 0, 0.055351328104734, -0.99846690893173, 0, 0, 0, 0, 1, 0, 0, 0, 0, 1, },
		{ -0.99887847900391, -0.047347143292427, 0, 0, 0.047347143292427, -0.99887847900391, 0, 0, 0, 0, 1, 0, 0, 0, 0, 1, },
		{ -0.99915683269501, -0.041054669767618, 0, 0, 0.041054669767618, -0.99915683269501, 0, 0, 0, 0, 1, 0, 0, 0, 0, 1, },
		{ -0.99942994117737, -0.033761400729418, 0, 0, 0.033761400729418, -0.99942994117737, 0, 0, 0, 0, 1, 0, 0, 0, 0, 1, },
		{ -0.99946081638336, -0.032834868878126, 0, 0, 0.032834868878126, -0.99946081638336, 0, 0, 0, 0, 1, 0, 0, 0, 0, 1, },
	},
}
end
