function data()
return {
	times = { 0, 41.667, 83.333, 125, 166.667, 208.333, 250, 291.667, 333.333, 375, 416.667, 458.333, 500, 541.667, 583.333, 625, 666.667, 708.333, 750, 791.667, 833.333, 875, 916.667, 958.333, 1000, 1041.667, 1083.333, 1125, 1166.667, 1208.333, 1250, 1291.667, 1333.333, 1375, 1416.667, 1458.333, 1500, 1541.667, 1583.333, 1625, 1666.667, 1708.333, 1750, 1791.667, 1833.333, 1875, 1916.667, 1958.333, 2000, 2041.667, 2083.333, 2125, 2166.667, 2208.333, 2250, 2291.667, 2333.333, 2375, 2416.667, 2458.333, 2500, 2541.667, 2583.333, 2625, 2666.667, 2708.333, 2750, 2791.667, 2833.333, 2875, 2916.667, 2958.333, 3000, 3041.667, 3083.333, 3125, 3166.667, 3208.333, 3250, 3291.667, 3333.333, 3375, 3416.667, 3458.333, 3500, 3541.667, 3583.333, 3625, 3666.667, 3708.333, 3750, 3791.667, 3833.333, 3875, 3916.667, 3958.333, 4000, 4041.667, 4125, 4166.667, },
	transfs = {
		{ 1, 0, 0, 0, 0, 1, 0, 0, 0, 0, 1, 0, 0, 0, 0, 1, },
		{ 0.99999988079071, 0, 0.00039008108433336, 0, 0, 1, 0, 0, -0.00039008108433336, 0, 0.99999988079071, 0, 0, 0, 0, 1, },
		{ 0.99999874830246, 0, 0.0015498519642279, 0, 0, 1, 0, 0, -0.0015498519642279, 0, 0.99999874830246, 0, 0, 0, 0, 1, },
		{ 0.99999392032623, 0, 0.0034635998308659, 0, 0, 1, 0, 0, -0.0034635998308659, 0, 0.99999392032623, 0, 0, 0, 0, 1, },
		{ 0.99998128414154, 0, 0.0061155958101153, 0, 0, 1, 0, 0, -0.0061155958101153, 0, 0.99998128414154, 0, 0, 0, 0, 1, },
		{ 0.99995487928391, 0, 0.0094900876283646, 0, 0, 1, 0, 0, -0.0094900876283646, 0, 0.99995487928391, 0, 0, 0, 0, 1, },
		{ 0.99990785121918, 0, 0.013571264222264, 0, 0, 1, 0, 0, -0.013571264222264, 0, 0.99990785121918, 0, 0, 0, 0, 1, },
		{ 0.99983167648315, 0, 0.018343258649111, 0, 0, 1, 0, 0, -0.018343258649111, 0, 0.99983167648315, 0, 0, 0, 0, 1, },
		{ 0.99971693754196, 0, 0.023790080100298, 0, 0, 1, 0, 0, -0.023790080100298, 0, 0.99971693754196, 0, 0, 0, 0, 1, },
		{ 0.99955302476883, 0, 0.029895657673478, 0, 0, 1, 0, 0, -0.029895657673478, 0, 0.99955302476883, 0, 0, 0, 0, 1, },
		{ 0.99932831525803, 0, 0.036643713712692, 0, 0, 1, 0, 0, -0.036643713712692, 0, 0.99932831525803, 0, 0, 0, 0, 1, },
		{ 0.99903076887131, 0, 0.044017810374498, 0, 0, 1, 0, 0, -0.044017810374498, 0, 0.99903076887131, 0, 0, 0, 0, 1, },
		{ 0.99864703416824, 0, 0.052001308649778, 0, 0, 1, 0, 0, -0.052001308649778, 0, 0.99864703416824, 0, 0, 0, 0, 1, },
		{ 0.99816352128983, 0, 0.060577299445868, 0, 0, 1, 0, 0, -0.060577299445868, 0, 0.99816352128983, 0, 0, 0, 0, 1, },
		{ 0.99756598472595, 0, 0.069728627800941, 0, 0, 1, 0, 0, -0.069728627800941, 0, 0.99756598472595, 0, 0, 0, 0, 1, },
		{ 0.99683982133865, 0, 0.079437777400017, 0, 0, 1, 0, 0, -0.079437777400017, 0, 0.99683982133865, 0, 0, 0, 0, 1, },
		{ 0.9959699511528, 0, 0.089687012135983, 0, 0, 1, 0, 0, -0.089687012135983, 0, 0.9959699511528, 0, 0, 0, 0, 1, },
		{ 0.99494129419327, 0, 0.10045807808638, 0, 0, 1, 0, 0, -0.10045807808638, 0, 0.99494129419327, 0, 0, 0, 0, 1, },
		{ 0.99373823404312, 0, 0.11173257231712, 0, 0, 1, 0, 0, -0.11173257231712, 0, 0.99373823404312, 0, 0, 0, 0, 1, },
		{ 0.99234563112259, 0, 0.12349148839712, 0, 0, 1, 0, 0, -0.12349148839712, 0, 0.99234563112259, 0, 0, 0, 0, 1, },
		{ 0.99074786901474, 0, 0.13571554422379, 0, 0, 1, 0, 0, -0.13571554422379, 0, 0.99074786901474, 0, 0, 0, 0, 1, },
		{ 0.98892962932587, 0, 0.14838509261608, 0, 0, 1, 0, 0, -0.14838509261608, 0, 0.98892962932587, 0, 0, 0, 0, 1, },
		{ 0.98687595129013, 0, 0.16147983074188, 0, 0, 1, 0, 0, -0.16147983074188, 0, 0.98687595129013, 0, 0, 0, 0, 1, },
		{ 0.98457205295563, 0, 0.17497925460339, 0, 0, 1, 0, 0, -0.17497925460339, 0, 0.98457205295563, 0, 0, 0, 0, 1, },
		{ 0.98200356960297, 0, 0.18886233866215, 0, 0, 1, 0, 0, -0.18886233866215, 0, 0.98200356960297, 0, 0, 0, 0, 1, },
		{ 0.97915631532669, 0, 0.2031077593565, 0, 0, 1, 0, 0, -0.2031077593565, 0, 0.97915631532669, 0, 0, 0, 0, 1, },
		{ 0.97601711750031, 0, 0.21769358217716, 0, 0, 1, 0, 0, -0.21769358217716, 0, 0.97601711750031, 0, 0, 0, 0, 1, },
		{ 0.97257310152054, 0, 0.23259751498699, 0, 0, 1, 0, 0, -0.23259751498699, 0, 0.97257310152054, 0, 0, 0, 0, 1, },
		{ 0.96881192922592, 0, 0.24779716134071, 0, 0, 1, 0, 0, -0.24779716134071, 0, 0.96881192922592, 0, 0, 0, 0, 1, },
		{ 0.96472233533859, 0, 0.2632694542408, 0, 0, 1, 0, 0, -0.2632694542408, 0, 0.96472233533859, 0, 0, 0, 0, 1, },
		{ 0.96029371023178, 0, 0.27899107336998, 0, 0, 1, 0, 0, -0.27899107336998, 0, 0.96029371023178, 0, 0, 0, 0, 1, },
		{ 0.95551627874374, 0, 0.29493841528893, 0, 0, 1, 0, 0, -0.29493841528893, 0, 0.95551627874374, 0, 0, 0, 0, 1, },
		{ 0.95038115978241, 0, 0.31108775734901, 0, 0, 1, 0, 0, -0.31108775734901, 0, 0.95038115978241, 0, 0, 0, 0, 1, },
		{ 0.9448806643486, 0, 0.32741492986679, 0, 0, 1, 0, 0, -0.32741492986679, 0, 0.9448806643486, 0, 0, 0, 0, 1, },
		{ 0.93900787830353, 0, 0.34389564394951, 0, 0, 1, 0, 0, -0.34389564394951, 0, 0.93900787830353, 0, 0, 0, 0, 1, },
		{ 0.93275707960129, 0, 0.36050555109978, 0, 0, 1, 0, 0, -0.36050555109978, 0, 0.93275707960129, 0, 0, 0, 0, 1, },
		{ 0.92612355947495, 0, 0.37722027301788, 0, 0, 1, 0, 0, -0.37722027301788, 0, 0.92612355947495, 0, 0, 0, 0, 1, },
		{ 0.91910409927368, 0, 0.39401477575302, 0, 0, 1, 0, 0, -0.39401477575302, 0, 0.91910409927368, 0, 0, 0, 0, 1, },
		{ 0.91169613599777, 0, 0.41086518764496, 0, 0, 1, 0, 0, -0.41086518764496, 0, 0.91169613599777, 0, 0, 0, 0, 1, },
		{ 0.90389859676361, 0, 0.42774677276611, 0, 0, 1, 0, 0, -0.42774677276611, 0, 0.90389859676361, 0, 0, 0, 0, 1, },
		{ 0.89571177959442, 0, 0.44463509321213, 0, 0, 1, 0, 0, -0.44463509321213, 0, 0.89571177959442, 0, 0, 0, 0, 1, },
		{ 0.88713693618774, 0, 0.46150633692741, 0, 0, 1, 0, 0, -0.46150633692741, 0, 0.88713693618774, 0, 0, 0, 0, 1, },
		{ 0.87817674875259, 0, 0.47833630442619, 0, 0, 1, 0, 0, -0.47833630442619, 0, 0.87817674875259, 0, 0, 0, 0, 1, },
		{ 0.86883509159088, 0, 0.49510160088539, 0, 0, 1, 0, 0, -0.49510160088539, 0, 0.86883509159088, 0, 0, 0, 0, 1, },
		{ 0.8591171503067, 0, 0.51177895069122, 0, 0, 1, 0, 0, -0.51177895069122, 0, 0.8591171503067, 0, 0, 0, 0, 1, },
		{ 0.84902942180634, 0, 0.52834558486938, 0, 0, 1, 0, 0, -0.52834558486938, 0, 0.84902942180634, 0, 0, 0, 0, 1, },
		{ 0.83857935667038, 0, 0.54477947950363, 0, 0, 1, 0, 0, -0.54477947950363, 0, 0.83857935667038, 0, 0, 0, 0, 1, },
		{ 0.82777601480484, 0, 0.56105870008469, 0, 0, 1, 0, 0, -0.56105870008469, 0, 0.82777601480484, 0, 0, 0, 0, 1, },
		{ 0.81662952899933, 0, 0.57716208696365, 0, 0, 1, 0, 0, -0.57716208696365, 0, 0.81662952899933, 0, 0, 0, 0, 1, },
		{ 0.80515116453171, 0, 0.59306967258453, 0, 0, 1, 0, 0, -0.59306967258453, 0, 0.80515116453171, 0, 0, 0, 0, 1, },
		{ 0.79335325956345, 0, 0.60876142978668, 0, 0, 1, 0, 0, -0.60876142978668, 0, 0.79335325956345, 0, 0, 0, 0, 1, },
		{ 0.78124982118607, 0, 0.62421846389771, 0, 0, 1, 0, 0, -0.62421846389771, 0, 0.78124982118607, 0, 0, 0, 0, 1, },
		{ 0.76885521411896, 0, 0.63942295312881, 0, 0, 1, 0, 0, -0.63942295312881, 0, 0.76885521411896, 0, 0, 0, 0, 1, },
		{ 0.75618529319763, 0, 0.65435749292374, 0, 0, 1, 0, 0, -0.65435749292374, 0, 0.75618529319763, 0, 0, 0, 0, 1, },
		{ 0.74325692653656, 0, 0.66900604963303, 0, 0, 1, 0, 0, -0.66900604963303, 0, 0.74325692653656, 0, 0, 0, 0, 1, },
		{ 0.73008781671524, 0, 0.68335330486298, 0, 0, 1, 0, 0, -0.68335330486298, 0, 0.73008781671524, 0, 0, 0, 0, 1, },
		{ 0.7166965007782, 0, 0.69738519191742, 0, 0, 1, 0, 0, -0.69738519191742, 0, 0.7166965007782, 0, 0, 0, 0, 1, },
		{ 0.70310258865356, 0, 0.71108841896057, 0, 0, 1, 0, 0, -0.71108841896057, 0, 0.70310258865356, 0, 0, 0, 0, 1, },
		{ 0.68932622671127, 0, 0.72445106506348, 0, 0, 1, 0, 0, -0.72445106506348, 0, 0.68932622671127, 0, 0, 0, 0, 1, },
		{ 0.67538863420486, 0, 0.73746198415756, 0, 0, 1, 0, 0, -0.73746198415756, 0, 0.67538863420486, 0, 0, 0, 0, 1, },
		{ 0.66131186485291, 0, 0.75011104345322, 0, 0, 1, 0, 0, -0.75011104345322, 0, 0.66131186485291, 0, 0, 0, 0, 1, },
		{ 0.64711785316467, 0, 0.76239001750946, 0, 0, 1, 0, 0, -0.76239001750946, 0, 0.64711785316467, 0, 0, 0, 0, 1, },
		{ 0.63282972574234, 0, 0.77429097890854, 0, 0, 1, 0, 0, -0.77429097890854, 0, 0.63282972574234, 0, 0, 0, 0, 1, },
		{ 0.6184709072113, 0, 0.78580760955811, 0, 0, 1, 0, 0, -0.78580760955811, 0, 0.6184709072113, 0, 0, 0, 0, 1, },
		{ 0.60406529903412, 0, 0.79693478345871, 0, 0, 1, 0, 0, -0.79693478345871, 0, 0.60406529903412, 0, 0, 0, 0, 1, },
		{ 0.58963692188263, 0, 0.80766838788986, 0, 0, 1, 0, 0, -0.80766838788986, 0, 0.58963692188263, 0, 0, 0, 0, 1, },
		{ 0.57521080970764, 0, 0.81800520420074, 0, 0, 1, 0, 0, -0.81800520420074, 0, 0.57521080970764, 0, 0, 0, 0, 1, },
		{ 0.56081175804138, 0, 0.82794332504272, 0, 0, 1, 0, 0, -0.82794332504272, 0, 0.56081175804138, 0, 0, 0, 0, 1, },
		{ 0.54646456241608, 0, 0.837482213974, 0, 0, 1, 0, 0, -0.837482213974, 0, 0.54646456241608, 0, 0, 0, 0, 1, },
		{ 0.53219443559647, 0, 0.84662210941315, 0, 0, 1, 0, 0, -0.84662210941315, 0, 0.53219443559647, 0, 0, 0, 0, 1, },
		{ 0.51802712678909, 0, 0.85536420345306, 0, 0, 1, 0, 0, -0.85536420345306, 0, 0.51802712678909, 0, 0, 0, 0, 1, },
		{ 0.50398737192154, 0, 0.86371099948883, 0, 0, 1, 0, 0, -0.86371099948883, 0, 0.50398737192154, 0, 0, 0, 0, 1, },
		{ 0.49010083079338, 0, 0.87166565656662, 0, 0, 1, 0, 0, -0.87166565656662, 0, 0.49010083079338, 0, 0, 0, 0, 1, },
		{ 0.47639253735542, 0, 0.87923270463943, 0, 0, 1, 0, 0, -0.87923270463943, 0, 0.47639253735542, 0, 0, 0, 0, 1, },
		{ 0.46288776397705, 0, 0.88641691207886, 0, 0, 1, 0, 0, -0.88641691207886, 0, 0.46288776397705, 0, 0, 0, 0, 1, },
		{ 0.44961139559746, 0, 0.89322429895401, 0, 0, 1, 0, 0, -0.89322429895401, 0, 0.44961139559746, 0, 0, 0, 0, 1, },
		{ 0.43658810853958, 0, 0.89966142177582, 0, 0, 1, 0, 0, -0.89966142177582, 0, 0.43658810853958, 0, 0, 0, 0, 1, },
		{ 0.42384326457977, 0, 0.9057354927063, 0, 0, 1, 0, 0, -0.9057354927063, 0, 0.42384326457977, 0, 0, 0, 0, 1, },
		{ 0.41139984130859, 0, 0.91145497560501, 0, 0, 1, 0, 0, -0.91145497560501, 0, 0.41139984130859, 0, 0, 0, 0, 1, },
		{ 0.39928284287453, 0, 0.91682773828506, 0, 0, 1, 0, 0, -0.91682773828506, 0, 0.39928284287453, 0, 0, 0, 0, 1, },
		{ 0.387515604496, 0, 0.92186313867569, 0, 0, 1, 0, 0, -0.92186313867569, 0, 0.387515604496, 0, 0, 0, 0, 1, },
		{ 0.37612169981003, 0, 0.92657023668289, 0, 0, 1, 0, 0, -0.92657023668289, 0, 0.37612169981003, 0, 0, 0, 0, 1, },
		{ 0.3651237487793, 0, 0.93095898628235, 0, 0, 1, 0, 0, -0.93095898628235, 0, 0.3651237487793, 0, 0, 0, 0, 1, },
		{ 0.35454475879669, 0, 0.93503904342651, 0, 0, 1, 0, 0, -0.93503904342651, 0, 0.35454475879669, 0, 0, 0, 0, 1, },
		{ 0.34440734982491, 0, 0.93882030248642, 0, 0, 1, 0, 0, -0.93882030248642, 0, 0.34440734982491, 0, 0, 0, 0, 1, },
		{ 0.33473202586174, 0, 0.94231337308884, 0, 0, 1, 0, 0, -0.94231337308884, 0, 0.33473202586174, 0, 0, 0, 0, 1, },
		{ 0.32554167509079, 0, 0.94552767276764, 0, 0, 1, 0, 0, -0.94552767276764, 0, 0.32554167509079, 0, 0, 0, 0, 1, },
		{ 0.3168565928936, 0, 0.94847345352173, 0, 0, 1, 0, 0, -0.94847345352173, 0, 0.3168565928936, 0, 0, 0, 0, 1, },
		{ 0.30869823694229, 0, 0.95116001367569, 0, 0, 1, 0, 0, -0.95116001367569, 0, 0.30869823694229, 0, 0, 0, 0, 1, },
		{ 0.30108624696732, 0, 0.95359683036804, 0, 0, 1, 0, 0, -0.95359683036804, 0, 0.30108624696732, 0, 0, 0, 0, 1, },
		{ 0.29404056072235, 0, 0.95579296350479, 0, 0, 1, 0, 0, -0.95579296350479, 0, 0.29404056072235, 0, 0, 0, 0, 1, },
		{ 0.28758034110069, 0, 0.95775651931763, 0, 0, 1, 0, 0, -0.95775651931763, 0, 0.28758034110069, 0, 0, 0, 0, 1, },
		{ 0.28172546625137, 0, 0.95949506759644, 0, 0, 1, 0, 0, -0.95949506759644, 0, 0.28172546625137, 0, 0, 0, 0, 1, },
		{ 0.27649369835854, 0, 0.96101576089859, 0, 0, 1, 0, 0, -0.96101576089859, 0, 0.27649369835854, 0, 0, 0, 0, 1, },
		{ 0.27190411090851, 0, 0.96232432126999, 0, 0, 1, 0, 0, -0.96232432126999, 0, 0.27190411090851, 0, 0, 0, 0, 1, },
		{ 0.26797404885292, 0, 0.96342611312866, 0, 0, 1, 0, 0, -0.96342611312866, 0, 0.26797404885292, 0, 0, 0, 0, 1, },
		{ 0.26472130417824, 0, 0.96432495117188, 0, 0, 1, 0, 0, -0.96432495117188, 0, 0.26472130417824, 0, 0, 0, 0, 1, },
		{ 0.26216292381287, 0, 0.96502357721329, 0, 0, 1, 0, 0, -0.96502357721329, 0, 0.26216292381287, 0, 0, 0, 0, 1, },
		{ 0.2591957449913, 0, 0.96582472324371, 0, 0, 1, 0, 0, -0.96582472324371, 0, 0.2591957449913, 0, 0, 0, 0, 1, },
		{ 0.25881904363632, 0, 0.96592575311661, 0, 0, 1, 0, 0, -0.96592575311661, 0, 0.25881904363632, 0, 0, 0, 0, 1, },
	},
}
end
